% time     seconds  usecs/call     calls    errors syscall
------ ----------- ----------- --------- --------- ----------------
 33,76    0,000396         396         1           execve
 15,52    0,000182          45         4           openat
 10,40    0,000122          15         8           mmap
  7,25    0,000085          17         5           read
  6,82    0,000080          20         4           write
  6,56    0,000077          19         4           mprotect
  5,97    0,000070          23         3           brk
  4,01    0,000047           7         6           newfstatat
  2,39    0,000028          28         1           munmap
  1,45    0,000017           4         4           pread64
  1,28    0,000015          15         1           prlimit64
  1,19    0,000014          14         1         1 lseek
  0,68    0,000008           4         2           close
  0,68    0,000008           8         1         1 access
  0,68    0,000008           4         2         1 arch_prctl
  0,51    0,000006           6         1           getrandom
  0,34    0,000004           4         1           rseq
  0,26    0,000003           3         1           set_tid_address
  0,26    0,000003           3         1           set_robust_list
------ ----------- ----------- --------- --------- ----------------
100,00    0,001173          23        51         3 total
